model size 52
cartpole_swingup_started
[ 14.63  30.51  46.48   6.16   7.89   4.97   3.59   6.72 473.78  45.36   8.5    9.09   9.34   4.81   4.97   2.14  16.33  17.82 488.26   9.09   9.16 444.14
  17.17  11.89   2.97   7.46  14.65   7.41   9.09   2.24  14.58   2.58 424.18   5.12  21.71   9.16  33.96  11.76 496.25   9.21  35.82  14.69   1.06  68.02
   9.19  14.63   9.16  14.63   7.13   8.24  11.8    4.2    8.95  10.19  12.88   5.32  14.66 209.12  10.28   2.86 374.52  14.63   6.88   5.96   8.54   5.42
  10.34   9.22 207.01 569.53   7.88  14.63  13.79   8.83 304.63   9.09   1.89   9.32   6.83  14.63 522.07 356.42   5.86  15.51  14.35  14.59 464.51   0.71
   3.54  14.63   6.72   2.9    8.15   9.88  16.17  34.07   9.09   7.82  20.58   9.19]
[635.73 445.58 473.49 471.45 522.7  484.11 475.7  596.72 513.66 514.9  458.3  474.23 464.85 495.66 599.44 501.63 239.86 600.93 452.01 470.06 510.79 491.42
 520.52 619.93 439.03 458.05 671.83 415.69 626.   432.4  420.71 484.08 490.93 510.47 456.77 648.72 642.07 477.98 353.28 479.09 459.94 422.1  500.2  512.04
 460.31 428.55 565.86 484.68 232.03 494.09 499.68 474.07 511.05 652.93 494.34 449.76 408.42 682.74 484.28 535.9  531.66 477.37 566.51 175.37 511.37 561.33
 568.55 627.19 480.26 585.51 459.54 494.92 468.23 414.35 502.24 445.25 462.41 604.85 457.08 502.15 588.5  601.62 568.95 588.33 618.4  539.53 471.83 656.62
 428.83 474.8  456.14 512.42 512.26 504.75 488.12 483.71 576.55 506.67 657.8  484.74]
[569.35 552.82 583.58 496.17 509.77 467.34 678.39 453.83 416.41 476.16 592.06 629.84 657.08 288.7  441.91 512.91 690.59 516.09 596.17 501.24 478.03 460.04
 565.91 670.38 470.01 466.15 401.66 495.55 585.71 507.19 613.02 648.28 426.65 668.99 468.15 421.78 484.02 420.23 449.11 447.35 402.03 540.89 556.61 614.44
 501.35 165.77 394.18 537.88 332.1  457.77 565.61 552.44 341.92 410.   588.32 432.61 572.1  506.29 580.37 454.92 484.15 491.89 438.93 465.83 668.38 478.99
 611.42 513.4  498.8  455.73 550.3  522.33 455.69 495.25 601.03 689.57 520.31 495.52 631.08 454.81 471.28 467.23 554.66 684.05 676.24 431.25  43.83 394.96
 466.36 499.97 570.89 521.81 435.16 433.66 467.26 610.28 494.57 542.79 658.31 457.47]
[464.57 463.98 559.65 496.85 653.06 642.56 680.2  643.82 466.96 467.78 409.46 625.01 544.78 477.82 417.43 533.92 418.17 445.87 574.46 388.94 443.19 468.99
 551.18 470.06 456.69 460.17 539.9  448.54 476.37  49.59 506.76 633.94 483.37 482.62 452.69 477.45 519.51 582.9  444.4  475.38 475.62 536.28 433.09 573.23
 493.66 476.22 654.32 480.48 430.46 536.75 459.08 377.89 467.36 582.66 613.09 473.53 545.19 449.68 527.22 607.79 471.13 432.69 476.64 679.03 498.48 389.13
 437.61 547.23 686.69 460.51 478.18 486.67 594.76 455.86 586.36 520.13 513.63 488.47 509.63 490.88 590.11 434.96 648.98 448.66 445.92 587.55 466.52 468.59
 710.87 484.34 641.61 414.55 486.44 411.31 531.66 564.59 370.2  371.43 411.24 574.71]
[467.64 617.7  455.07 529.59 636.19 549.77 586.13 547.32 468.72 592.8  733.13 541.37 415.33 464.64 514.34 619.23 443.69 548.96 490.23 458.47 618.2  431.6
 461.28 534.86 494.05 464.16 663.47 461.07 483.44 451.57 525.49 551.33 527.28 479.54 654.16 433.13 647.05 401.22 645.76 442.83 613.81 471.17 577.79 512.71
 562.58 440.28 521.59 560.82 469.23 501.96 667.87 464.98 452.05 532.32 474.36 483.06 480.9  510.23 407.75 633.75 491.11 508.43 483.91 468.13 480.09 619.91
 601.84 453.41 505.38 472.96 409.84 560.68 423.67 360.25 457.02 451.49 466.98 462.66 395.43 483.27 504.57 465.34 481.62 516.99 442.42 464.51 419.28 574.5
 483.3  558.49 467.01 524.81 574.79 436.92 700.89 409.   477.39 374.66 580.64 458.92]
[455.53 502.27 570.24 516.75 510.95 523.65 529.51 585.97 705.45 519.13 540.43 266.72 716.76  14.75 603.82 565.74 758.31 553.07 652.71 648.3  591.57 516.72
 503.15 514.95 618.05 672.5  500.77 566.22 557.21 595.39 513.84 580.93 519.91 786.76 448.23 551.15 587.07 497.77 584.41 507.05 488.56 566.42 562.73 711.06
 641.96 589.5  669.02 634.14 759.88 649.58 530.55 627.71 651.38 761.42 734.61 522.88 644.33 640.18 572.51 582.72 520.21 548.2  615.35 474.6  496.15 658.61
 251.46 656.45 690.61 784.94 502.51 510.89 505.07 591.14 638.03 515.9  512.66 516.46 781.42 546.57 669.72 622.57 702.34 531.53  87.16 602.94 718.83 511.94
 504.12 644.   605.2  585.47 573.7  522.74 613.51 679.37 550.92 625.6  329.78 528.14]
lo: -2 hi: 2
mean fit: 63.78324279285095
std: 140.03447836903635
lo: 0.75 hi: 2
mean fit: 504.1046987931149
std: 84.90518535614726
lo: 1.75 hi: 3
mean fit: 506.91670354497967
std: 102.8241248844234
lo: 2.75 hi: 4
mean fit: 502.6052637375027
std: 89.98607551534496
lo: 3.75 hi: 5
mean fit: 508.6351879369275
std: 75.05091633510968
lo: -2 hi: -0.75
mean fit: 570.2166800243848
std: 120.6440474618734

